$ANSIBLE_VAULT;1.1;AES256
62346230663831643963353737303662623039396665363432616133653666356638613539363038
3737346566366262643764623661393539303536346434310a383735313333336438633061383663
61633037346133616237653639633966613665343565663863643162636335366130616231326365
3433373961316662350a353138333234616135373363336230333937353362633031653633336432
64623064663465656465376333333365396465313937643232663338646534366261343365643431
33616532366234623334353365383765346365663435323066306235333161646233373166343036
38646238313765356333373932393563313839643736356136633634633732613135306165383866
63633561393538336466303963643664333461643232643030623931656134386330353831343361
63646230666666376664353333313061373239636638323739386466383335326638626239373762
37316231383637623662646263356131613735653631393531306231616661343265303762323735
65666138386535626165373561666165303932313166343930323434393364666661663736363565
65366530343331663362616236303263626133633631306530653866343130353636383035646634
39613738626433393066633063306436656134666562363139666162393633633639343166323237
36333964383466663862653239643435613732326534633230343033323535653265393961633765
32333565643037613831356530656330363166386339656132383061333234353033646561343865
64633333626634376331353866643863366162613539323530666131366636653534316332623330
38383432386630386431633038363063653665323939616438336132613762626433356439623961
33643033656130613965356664636633323662396663343333323934656235376664353831613731
34303234656131363731356538646561633030363231643836613633643161353362626563656466
31343137353630383430306135356166663266633764383465383236383638643132363561306334
39323261346438653662373863306236666634396135316432323961333236393730376262373039
36343261336139366233336135653437303565316539663334613031356365346533643063326334
64373432643331333334323863623565626534633637306461643638316463373035623833323065
61666630646135656134343238626266656437353665386431663664333935616537363466373461
34396630343964333966306563303939636636363733366539343731646664373734393134356463
65383534643061383263666335383130353566663566643666373266376165333532356663353662
61393039653862363865313333363663313730636635346535333061386230663334343936656439
61363337383962346136393962633563643564623838626139353463303361623935613133333231
34376631666433653533386263633762383337313366336531336563643464373131363562313961
64663837383165353138313037343161336331353636353937323465653464613933356265623838
38316133366237366666353965333330306362303034316433336536383538643832303336313734
61633361336336616465303937643333393163646436643763663433613465363831636632623364
62613562333132363030656133663335643464666133366165306538626239326466663434353630
65623539633636336233346463323566636333396333333335653738653537363239306238356335
66306534373031633039393035346565303737383333363533636438316239316638646662303137
36363732366137316336356461316234373461326133396438313238646136386137643436323137
36393135326238343232616361626530383536316533323361383137383332613163323766386632
66303064643737623038623931326233623864653363333664313262653263366230313263396334
62643730363433386634376139363532323632623739623039313661656663353261363064653538
39336339336563376433623530393161373530663164363432376439643533366664396234666235
35313639633761633761636335393736383233613036633534626661626636643433353733353833
34616438653364613139633265663933643861366461613538393731396463316536623739323330
34633261333965333063373834666232653437633832626434326132363563386439343230366430
30356334353230636565303634336437363031306437343936656164323063653362626363353038
30393336323731376662306332383332353364666631373064663638633431316132333734306432
31333364366262356630653634663566613962313637326364366235636537656339323037313866
38643666383161346263396138336135316636396533366539336238333139373935643037353966
62366564393136306634613436303436313239393238373236613633663434646639663834613934
35393165613865383664383138306139316535326265353830656232383839353435656263386535
62343138316239346362633265343636626436393533343733626539383030333366633934653236
66613265343738653937373061313436646138653237633034336234336463363335346331636164
62363232646364613034323864333432636562623333333961643930613531633838303134396162
64656438626231383030336663393439616230376136376336306536383539333232333730633262
66323530356363306536383336646364343937323732346133306362326162353765336639306265
37386265623962326336306538326236633633336366386564663137623832323064336333353431
37323239613835353238343539363362343062386531353130646561326364323032356162356665
6134
