$ANSIBLE_VAULT;1.1;AES256
36356464323434663732333066376264623032393939653934363034616137303062336332616637
6435336265343562383364666430303136303865633138640a343235333562303365646131393462
66316238326236623639333336626366666362356261626132353737633030363461633239356632
3035646432663432390a373438623335633961326566303631363863323166653136643832376335
32353634616339393033663165356465396266333631633238386130613563616639306131666539
30626532613732383232656631643934343132373435353338333136326261383232636535333463
34326132323431353535623161633161326232366333666232643035643033653365626664336665
38353132636661343130336264323933633738623839633830653861323061326263306462616638
30643931353637353333653331336231386465373637646266623735313764366438343763316333
33643061363664626131643665343639336133313361323262333661306638356566373438653837
35613933613864393933396363366632383865623539343561643031646333383737633464373565
34653066653363383465306564613236373463366235313133363966333334346332643665633266
35386661373262663264323236393165303763653765633266343264373766346664636462323333
39306137633266336139633039646136363331643932376162613230386139383933313737633032
666439333533373236376534303930336439
