$ANSIBLE_VAULT;1.1;AES256
35643363306631363830653939393435373466303732613134643538626266663063636366626130
6331346332616539616339353736353261363535333034320a356133653838346630663337383139
30373663326461653633376564626161303336663933373662653564653832646537363139353963
3434643131623336650a373737333035393664653165363638666461343664343631313035393834
36623061333061666430663262356261376137646130636365313164303336396563646134303136
64663532386562396438396234626566666138353638303739366566353234633331353261336337
38633130366261386539323665666566343230396164613166346664636539656233616333363739
63626631636334313236333261356564393635396266393537616639663833316362353636343865
62396435363465643736393363613934356662353438616666326165653833396335393735663232
66663838366637653766333066313030653930633762333166303433323130633531353032653234
61663066633562353161383739613733303131633465373061356239653262666561373039393838
31393638633861393835313131643965383637636563346432613436363361636534646433373063
3139
