$ANSIBLE_VAULT;1.1;AES256
61366632303331666636353536663963383166646164396135663664386561633161343933626633
3230363361356461646437646330626161336430643533620a646132326466323434393439313262
32653330626339633233646138663636316464303562626163623139316566333232646533313034
6663613961353363360a313636643839303130666363616134363732373334613639326430363462
65636462356334353164383031633236633164376438653661323462343230343838353764643034
38356561306134643836663664383233623937313433643735356461313730333664326161313337
33303562343164626663313962666161336634636337313533333337333031633037343065646435
65663466626666336138333133343664646332663731663131363361306134653833363465613730
66303161646438373434383234353437663964343239366235373531626661333538373834326165
34303433643536393361396634323131656134383563343165336336656166616534313333333835
64616539373039356130366465393032626135326235623034613631663461343831653765343730
61313932663238666331
