$ANSIBLE_VAULT;1.1;AES256
39313836643630393238323265373036353066386534636235396330663961343466663637626138
3134653132333063323133313434383265346561356638340a633332303838643332666331306462
64396336313033633062353762396266363962353731353733353062636561376134376238633664
3664346334366431620a343230643338646436323139343739323865356632323135336361386661
64353065613665383331633433313663616137646665656534633634323866333761353230623761
63626336383533303831323033613538656234323138663533386134313435393537353763653664
33383434323363623161306638353232313039396137356631373535393136353237616330353461
36663662633734333339383837396538383161316364356438386439333138323535393535643333
37636438666633326165353133373962356537643532363161366139313034653831313731346539
63393737383935333831396437363864633964356436333162333431363839323530363634343832
35633835363637393936326331343337646239326432316539353731386361383266383938343734
39613835366536616437643662633262336133613265373739376239313661656562353831313464
65396436343535363266386630626130363238343266343665386631303663633630663363373066
33623366306661636466663035353837613863333062643438303837633033633130613537326635
35393534653066346339623739313663616233376332303638653965663135326338663233643661
32356162303864656334653239303835306535363832306565316438613934616638633532326265
32663930613837336661656138393361333039343465393833623261303837303633363738633638
61633737306562643335393364656430646363306337383433643633643131306338666331313762
65326465333635343265636439343439366332613831323566636435343664633036343030383939
30373164646238353630
